name: MP3Player
channels:
  - conda-forge
  - defaults
dependencies:
  - bzip2=1.0.8=h2466b09_7
  - ca-certificates=2024.8.30=h56e8100_0
  - freetype=2.12.1=hdaf720e_2
  - lcms2=2.16=h67d730c_0
  - lerc=4.0.0=h63175ca_0
  - libdeflate=1.21=h2466b09_0
  - libexpat=2.6.3=he0c23c2_0
  - libffi=3.4.2=h8ffe710_5
  - libjpeg-turbo=3.0.0=hcfcfb64_1
  - libpng=1.6.43=h19919ed_0
  - libsqlite=3.46.1=h2466b09_0
  - libtiff=4.6.0=hb151862_4
  - libwebp-base=1.4.0=hcfcfb64_0
  - libxcb=1.16=h013a479_1
  - libzlib=1.3.1=h2466b09_1
  - m2w64-gcc-libgfortran=5.3.0=6
  - m2w64-gcc-libs=5.3.0=7
  - m2w64-gcc-libs-core=5.3.0=7
  - m2w64-gmp=6.1.0=2
  - m2w64-libwinpthread-git=5.0.0.4634.697f757=2
  - msys2-conda-epoch=20160418=1
  - mutagen=1.47.0=pyhd8ed1ab_0
  - openjpeg=2.5.2=h3d672ee_0
  - openssl=3.3.2=h2466b09_0
  - pillow=10.4.0=py311h5592be9_0
  - pip=24.2=pyh8b19718_1
  - pthread-stubs=0.4=hcd874cb_1001
  - python=3.11.9=h631f459_0_cpython
  - python_abi=3.11=5_cp311
  - setuptools=73.0.1=pyhd8ed1ab_0
  - tk=8.6.13=h5226925_1
  - tzdata=2024a=h8827d51_1
  - ucrt=10.0.22621.0=h57928b3_0
  - vc=14.3=h8a93ad2_20
  - vc14_runtime=14.40.33810=hcc2c482_20
  - vs2015_runtime=14.40.33810=h3bf8584_20
  - wheel=0.44.0=pyhd8ed1ab_0
  - xorg-libxau=1.0.11=hcd874cb_0
  - xorg-libxdmcp=1.1.3=hcd874cb_0
  - xz=5.2.6=h8d14728_0
  - zstd=1.5.6=h0ea2cb4_0
  - pip:
      - pyqt5==5.15.11
      - pyqt5-qt5==5.15.2
      - pyqt5-sip==12.15.0
      - python-vlc==3.0.20123
prefix: C:\Users\gkswn\anaconda3\envs\MP3Player
